-4 -4 0 0 0 0 0 
-3.84711 -3.95471 0.00480366 -0.133636 0.124118 0.0764547 0.101385 
-3.67938 -3.87181 -0.00558432 -0.0478742 0.237858 0.199667 0.107147 
-3.36969 -3.69736 0.0314951 -0.0385946 0.177408 0.111231 0.106419 
-3.24786 -3.63395 0.0341498 0.0379546 0.328478 -0.0302233 0.210213 
-3.09489 -3.4151 0.0789272 0.110172 0.248343 -0.148065 0.114334 
-3.06407 -3.1098 0.0739381 0.116719 0.283887 -0.0735926 0.120469 
-2.99761 -3.07979 0.015212 0.267639 0.153839 -0.190196 0.161268 
-2.94733 -2.91368 -0.136587 0.299043 0.0323819 -0.33094 0.0664637 
-2.64022 -2.81574 -0.174165 0.309863 -0.0736121 -0.144972 -0.192806 
-2.61954 -2.61876 -0.188797 0.408151 -0.194032 -0.191624 -0.332 
-2.39306 -2.36667 -0.252739 0.332652 -0.104011 -0.153309 -0.339487 
-2.441 -2.17276 -0.245453 0.398735 -0.0706859 -0.239696 -0.417835 
-2.5099 -1.95154 -0.258843 0.494517 -0.162359 -0.315445 -0.524444 
-2.48408 -1.92736 -0.316482 0.497045 -0.314227 -0.458241 -0.399065 
-2.43014 -1.81343 -0.363761 0.561534 -0.214069 -0.587859 -0.49275 
-2.331 -1.91022 -0.432497 0.619514 -0.200253 -0.699863 -0.508644 
-2.03619 -1.95417 -0.434104 0.700611 -0.295134 -0.726355 -0.544562 
-1.87795 -1.9233 -0.507678 0.779731 -0.322867 -0.728806 -0.457411 
-1.93161 -2.04968 -0.603671 0.843603 -0.321273 -0.824382 -0.46331 
-1.90671 -2.06219 -0.64534 0.729133 -0.499965 -0.732928 -0.356883 
-1.64471 -2.06017 -0.512647 0.724612 -0.597275 -0.898199 -0.521401 
-1.42221 -2.06992 -0.266223 0.674675 -0.485549 -1.00861 -0.32743 
-1.22213 -2.19004 -0.262648 0.673896 -0.685879 -1.19158 -0.157136 
-0.895463 -2.08373 -0.213398 0.564558 -0.862293 -1.1622 -0.249435 
-0.805641 -2.20778 -0.111584 0.600314 -0.966757 -1.20591 -0.363662 
-0.75041 -2.03229 -0.073396 0.647726 -1.11445 -1.11914 -0.400871 
-0.553458 -1.99723 -0.153529 0.753263 -1.10884 -1.17641 -0.336107 
-0.276229 -2.01784 -0.100547 0.768163 -1.20215 -1.26432 -0.358788 
-0.28337 -2.18968 -0.129071 0.834815 -1.34588 -1.31904 -0.526878 
-0.0329075 -2.15496 0.0448548 0.855636 -1.33617 -1.31721 -0.702961 
0.123557 -2.36854 -0.110008 0.910446 -1.41052 -1.25626 -0.930542 
0.417504 -2.23545 -0.0207541 0.945277 -1.39919 -1.25896 -1.03496 
0.665488 -1.91948 0.00212734 0.899538 -1.58582 -1.36942 -1.08569 
0.899919 -1.60835 0.0204369 0.994554 -1.68741 -1.30078 -1.04322 
1.14037 -1.61354 0.204949 0.982717 -1.61989 -1.36552 -1.17354 
1.22221 -1.47931 0.147714 0.856069 -1.85704 -1.2154 -1.04417 
1.52686 -1.52405 0.0479747 0.868753 -1.97451 -1.09693 -1.22542 
1.67398 -1.2683 0.217732 0.945826 -2.06506 -1.03936 -1.3558 
1.86435 -1.30349 0.0834779 0.800316 -2.20482 -0.831766 -1.46752 
2.05061 -0.980619 -0.0609847 0.741945 -2.28084 -0.627537 -1.50459 
2.18889 -0.919337 -0.236585 1.01461 -2.46105 -0.414167 -1.71773 
2.28723 -0.760749 -0.33238 1.08739 -2.30952 -0.566054 -1.63516 
2.21431 -0.541629 -0.319853 0.853811 -1.97754 -0.88315 -1.43549 
2.03624 -0.242026 -0.29725 0.832991 -1.99645 -0.804223 -1.22791 
2.08244 0.00240231 -0.101705 0.757027 -2.07058 -0.628578 -1.13406 
2.24088 -0.0281269 -0.05945 0.524258 -1.74018 -0.992299 -0.761928 
2.3142 0.264349 -0.0537079 0.473622 -1.72382 -0.896457 -0.688336 
2.38782 0.558009 -0.0479426 0.422781 -1.70739 -0.800226 -0.614446 
2.42626 0.783387 -0.183695 0.288495 -1.53914 -0.762181 -0.535805 
2.50713 1.0958 -0.157805 0.247835 -1.5436 -0.65476 -0.460289 
2.58864 1.41073 -0.131706 0.206845 -1.54809 -0.54647 -0.384163 
2.67087 1.72841 -0.105379 0.165499 -1.55263 -0.437236 -0.307372 
2.75386 2.04905 -0.0788068 0.123767 -1.55721 -0.326983 -0.229866 
2.83768 2.37287 -0.0519716 0.0816221 -1.56183 -0.215639 -0.151592 
2.92237 2.70007 -0.0248561 0.0390368 -1.56651 -0.103132 -0.0725009 
3 3 0 0 -1.57079 0 0 

