1 -5 0 0 
1.00751 -5.00001 -0.00124595 0.0518079 
1.03328 -5.00012 -0.00688474 0.125888 
1.08052 -5.00059 -0.0125235 0.199968 
1.14925 -5.00165 -0.0181623 0.274048 
1.23944 -5.00356 -0.0238011 0.348128 
1.3511 -5.00654 -0.0294399 0.422208 
1.48421 -5.01085 -0.0350787 0.496288 
1.63877 -5.01672 -0.0407175 0.570368 
1.81475 -5.02439 -0.0463562 0.644449 
2.01214 -5.03412 -0.051995 0.718529 
2.21644 -5.04834 -0.0871928 0.693889 
2.413 -5.06899 -0.122391 0.669249 
2.60164 -5.09555 -0.157588 0.64461 
2.77559 -5.12288 -0.15396 0.569786 
2.9282 -5.14628 -0.150332 0.494962 
3.05943 -5.16592 -0.146704 0.420139 
3.16925 -5.18195 -0.143076 0.345315 
3.25765 -5.19453 -0.139448 0.270491 
3.32461 -5.20381 -0.13582 0.195668 
3.37009 -5.20995 -0.132192 0.120844 
3.41699 -5.21805 -0.203652 0.20749 
3.47227 -5.22739 -0.129177 0.179215 
3.51992 -5.23183 -0.0547026 0.150939 
3.55958 -5.23258 0.0197721 0.122663 
3.591 -5.23084 0.0942467 0.0943873 
3.61407 -5.22784 0.168721 0.0661116 
3.62883 -5.2248 0.243196 0.0378359 
3.64043 -5.22153 0.30476 0.045313 
3.66361 -5.21457 0.28239 0.12158 
3.70824 -5.2022 0.26002 0.197847 
3.77458 -5.18539 0.23765 0.274113 
3.86282 -5.1651 0.21528 0.35038 
3.97316 -5.1423 0.192911 0.426647 
4.10573 -5.11798 0.170541 0.502914 
4.26065 -5.09313 0.148171 0.57918 
4.438 -5.06872 0.125801 0.655447 
4.6301 -5.04763 0.0930975 0.67743 
4.82915 -5.03234 0.0603939 0.699412 
5.03496 -5.02329 0.0276902 0.721395 
5.24732 -5.0209 -0.00501338 0.743377 
5.46603 -5.02559 -0.037717 0.76536 
5.69083 -5.03777 -0.0704206 0.787342 
5.92147 -5.05785 -0.103124 0.809325 
6.15765 -5.08622 -0.135828 0.831307 
6.39044 -5.10988 -0.0660097 0.78277 
6.61026 -5.1168 0.00380848 0.734232 
6.82823 -5.10728 0.0827968 0.770838 
7.0553 -5.07931 0.161785 0.807444 
7.28986 -5.03137 0.240774 0.84405 
7.53837 -4.97299 0.220979 0.916537 
7.78887 -4.90559 0.305372 0.872983 
8.02092 -4.82162 0.389765 0.829428 
8.2336 -4.72368 0.474158 0.785873 
8.42628 -4.61438 0.558551 0.742318 
8.59865 -4.49638 0.642944 0.698764 
8.75069 -4.37225 0.727337 0.655209 
8.88264 -4.24454 0.81173 0.611654 
8.99507 -4.11568 0.896123 0.568099 
9.08877 -3.98798 0.980516 0.524544 
9.17275 -3.86857 0.934654 0.482322 
9.24673 -3.75977 1.01429 0.425312 
9.30366 -3.65979 1.09392 0.368302 
9.34546 -3.57059 1.17355 0.311292 
9.37424 -3.49382 1.25319 0.254282 
9.3923 -3.4309 1.33282 0.197272 
9.40204 -3.38295 1.41246 0.140262 
9.40682 -3.34753 1.4631 0.106235 
9.40899 -3.32175 1.51375 0.0722083 
9.40954 -3.30576 1.56439 0.0381815 
9.40947 -3.29962 1.61504 0.00415459 
9.40977 -3.30334 1.66568 -0.0298723 
9.41144 -3.31683 1.71633 -0.0638991 
9.41547 -3.33994 1.76697 -0.097926 
9.41924 -3.35696 1.82241 -0.0223055 
9.4179 -3.35267 1.87785 0.053315 
9.40913 -3.32774 1.93329 0.128936 
9.39064 -3.28307 1.98873 0.204556 
9.36414 -3.22617 2.02386 0.228346 
9.33253 -3.16408 2.05899 0.252136 
9.29542 -3.09711 2.09412 0.275927 
9.25243 -3.02557 2.12925 0.299717 
9.20319 -2.9498 2.16438 0.323507 
9.14737 -2.87016 2.19951 0.347297 
9.08462 -2.78702 2.23464 0.371087 
9.01465 -2.70077 2.26977 0.394878 
8.94791 -2.62091 2.26395 0.32289 
8.89493 -2.55676 2.25813 0.250902 
8.85552 -2.50848 2.25232 0.178914 
8.82949 -2.47623 2.2465 0.106926 
8.81667 -2.46015 2.24068 0.0349376 
8.81685 -2.46039 2.23486 -0.0370505 
8.82985 -2.47712 2.22905 -0.109038 
8.85547 -2.51047 2.22323 -0.181026 
8.89353 -2.5606 2.21741 -0.253015 
8.9364 -2.61423 2.27427 -0.220604 
8.97598 -2.65835 2.33112 -0.188193 
9.01133 -2.69353 2.38798 -0.155783 
9.04159 -2.7204 2.44483 -0.123372 
9.06595 -2.73969 2.50168 -0.0909614 
9.08367 -2.75217 2.55854 -0.0585507 
9.09409 -2.75868 2.61539 -0.0261401 
9.0966 -2.76009 2.67224 0.00627052 
9.09068 -2.75735 2.7291 0.0386811 
9.07591 -2.75143 2.78595 0.0710918 
9.06087 -2.74593 2.79684 0.0393333 
9.05446 -2.74366 2.80773 0.00757478 
9.05675 -2.74443 2.81862 -0.0241837 
9.06779 -2.74805 2.82952 -0.0559422 
9.08764 -2.75432 2.84041 -0.0877007 
9.11638 -2.76307 2.8513 -0.119459 
9.15405 -2.77409 2.86219 -0.151218 
9.18708 -2.78395 2.83868 -0.0865185 
9.20867 -2.78985 2.91452 -0.0678399 
9.22532 -2.79307 2.99035 -0.0491612 
9.23679 -2.79441 3.06618 -0.0304825 
9.24291 -2.79467 -3.14117 -0.0118039 
9.24363 -2.79468 -3.06534 0.00687479 
9.23896 -2.79525 -2.98951 0.0255535 
9.22903 -2.79719 -2.91367 0.0442321 
9.21405 -2.80131 -2.83784 0.0629108 
9.19433 -2.80836 -2.76201 0.0815895 
9.16134 -2.82127 -2.77376 0.162748 
9.10619 -2.84213 -2.7855 0.243907 
9.02869 -2.87041 -2.79725 0.325066 
8.92866 -2.9056 -2.80899 0.406225 
8.80593 -2.94716 -2.82074 0.487384 
8.67112 -2.99592 -2.76869 0.501416 
8.53527 -3.0532 -2.71664 0.515448 
8.38811 -3.11466 -2.77417 0.584579 
8.21874 -3.17421 -2.8317 0.65371 
8.02698 -3.22949 -2.88923 0.722841 
7.81281 -3.27809 -2.94677 0.791972 
7.57643 -3.31761 -3.0043 0.861102 
7.33766 -3.34906 -3.01713 0.799754 
7.11388 -3.3821 -2.97248 0.760429 
6.903 -3.42293 -2.92782 0.721103 
6.70523 -3.47047 -2.88316 0.681777 
6.52074 -3.52363 -2.8385 0.642451 
6.34961 -3.58132 -2.79384 0.603125 
6.19186 -3.64248 -2.74919 0.563799 
6.04743 -3.70602 -2.70453 0.524473 
5.9162 -3.77089 -2.65987 0.485148 
5.79799 -3.83604 -2.61521 0.445822 
5.68298 -3.90711 -2.5617 0.486681 
5.56221 -3.99099 -2.50818 0.527541 
5.43673 -4.08847 -2.45466 0.5684 
5.3077 -4.20029 -2.40115 0.60926 
5.1763 -4.32706 -2.34763 0.650119 
5.04379 -4.46936 -2.29411 0.690979 
4.91148 -4.62762 -2.2406 0.731838 
4.78073 -4.80222 -2.18708 0.772697 
4.65291 -4.99341 -2.13356 0.813557 
4.52945 -5.20135 -2.08005 0.854416 
4.40871 -5.41955 -2.07237 0.865446 
4.28812 -5.64148 -2.0647 0.876475 
4.16773 -5.86715 -2.05703 0.887505 
4.04345 -6.10193 -2.05826 0.944528 
3.90688 -6.33505 -2.14364 0.919328 
3.75514 -6.5497 -2.22901 0.894128 
3.59036 -6.74505 -2.31439 0.868929 
3.4147 -6.92048 -2.39976 0.843729 
3.23031 -7.07559 -2.48514 0.81853 
3.03933 -7.21021 -2.57051 0.79333 
2.84388 -7.32436 -2.65588 0.76813 
2.65827 -7.42302 -2.65012 0.681564 
2.49532 -7.51083 -2.64436 0.594998 
2.35491 -7.58754 -2.6386 0.508432 
2.23691 -7.65289 -2.63284 0.421865 
2.1301 -7.71286 -2.62721 0.422897 
2.02337 -7.77357 -2.62157 0.423928 
1.91673 -7.83504 -2.61594 0.424959 
1.81017 -7.89725 -2.61031 0.42599 
1.70371 -7.96021 -2.60467 0.427021 
1.59735 -8.02393 -2.59904 0.428052 
1.48598 -8.08672 -2.65684 0.45381 
1.36603 -8.1483 -2.67759 0.476075 
1.23903 -8.21021 -2.69834 0.49834 
1.10491 -8.27217 -2.7191 0.520606 
0.963613 -8.33393 -2.73985 0.542871 
0.815099 -8.3952 -2.7606 0.565136 
0.659326 -8.45572 -2.78135 0.587402 
0.509748 -8.51562 -2.73917 0.523903 
0.379616 -8.57421 -2.69699 0.460405 
0.268523 -8.62997 -2.6548 0.396907 
0.17597 -8.68141 -2.61262 0.333408 
0.101365 -8.72709 -2.57043 0.26991 
0.0459706 -8.76499 -2.50915 0.193072 
0.0105606 -8.7925 -2.44786 0.116233 
-0.00641217 -8.80737 -2.38657 0.0393949 
-0.00765925 -8.8085 -2.34403 -0.0278082 
0.00445402 -8.79545 -2.30148 -0.0950113 
0.0286949 -8.7671 -2.25893 -0.162214 
0.0637617 -8.72244 -2.21638 -0.229418 
0.108288 -8.66052 -2.17383 -0.296621 
0.160849 -8.58048 -2.13129 -0.363824 
0.219964 -8.48155 -2.08874 -0.431027 
0.284103 -8.36306 -2.04619 -0.49823 
0.356043 -8.22899 -2.07982 -0.551139 
0.440152 -8.08415 -2.11345 -0.604048 
0.537227 -7.92921 -2.14708 -0.656957 
0.638939 -7.77505 -2.16107 -0.616807 
0.73625 -7.63195 -2.17506 -0.576657 
0.82887 -7.49976 -2.18906 -0.536507 
0.916517 -7.37832 -2.20305 -0.496357 
0.998907 -7.26746 -2.21704 -0.456206 
1.07576 -7.16702 -2.23103 -0.416056 
1.14681 -7.0768 -2.24502 -0.375906 
1.21179 -6.99664 -2.25901 -0.335756 
1.27042 -6.92633 -2.273 -0.295606 
1.32244 -6.86568 -2.287 -0.255455 
1.36983 -6.80883 -2.24432 -0.255001 
1.41467 -6.75012 -2.20164 -0.254546 
1.45689 -6.68965 -2.15896 -0.254091 
1.49641 -6.62755 -2.11629 -0.253636 
1.53319 -6.56393 -2.07361 -0.253181 
1.56716 -6.49892 -2.03093 -0.252727 
1.59827 -6.43263 -1.98825 -0.252272 
1.62845 -6.35578 -1.90496 -0.317307 
1.65757 -6.25863 -1.82168 -0.382342 
1.68997 -6.14088 -1.85594 -0.46 
1.7331 -6.0028 -1.8902 -0.537657 
1.78836 -5.84503 -1.92447 -0.615315 
1.85716 -5.66825 -1.95873 -0.692973 
1.94085 -5.47324 -1.99299 -0.770631 
2.04075 -5.26082 -2.02726 -0.848289 
2.15813 -5.03192 -2.06152 -0.925947 
2.28048 -4.79111 -2.02034 -0.937018 
2.39415 -4.54254 -1.97916 -0.948089 
2.49871 -4.28654 -1.93798 -0.959161 
2.59372 -4.02343 -1.8968 -0.970232 
2.67879 -3.75356 -1.85562 -0.981303 
2.75352 -3.47733 -1.81444 -0.992375 
2.82585 -3.20235 -1.84168 -0.96863 
2.90371 -2.93605 -1.86893 -0.944885 
2.98669 -2.67852 -1.89617 -0.92114 
3.07436 -2.42984 -1.92342 -0.897395 
3.1663 -2.19007 -1.95066 -0.87365 
3.24971 -1.96206 -1.89145 -0.801001 
3.31344 -1.74969 -1.83224 -0.728353 
3.35964 -1.55442 -1.77302 -0.655705 
3.39564 -1.36138 -1.73768 -0.698634 
3.42665 -1.15488 -1.70233 -0.741563 
3.45175 -0.935042 -1.66699 -0.784492 
3.47005 -0.702044 -1.63164 -0.827421 
3.48064 -0.456108 -1.5963 -0.87035 
3.48262 -0.197503 -1.56095 -0.913279 
3.47513 0.0734548 -1.52561 -0.956208 
3.47083 0.347543 -1.58488 -0.934562 
3.48251 0.615133 -1.64415 -0.912916 
3.50937 0.875319 -1.70342 -0.89127 
3.55058 1.12726 -1.7627 -0.869624 
3.60527 1.3702 -1.82197 -0.847978 
3.67251 1.60344 -1.88124 -0.826332 
3.75135 1.82637 -1.94051 -0.804686 
3.84488 2.04485 -2.00959 -0.834681 
3.95723 2.2641 -2.07867 -0.864677 
4.08893 2.48252 -2.14774 -0.894672 
4.24039 2.69845 -2.21682 -0.924667 
4.41186 2.91017 -2.2859 -0.954663 
4.60346 3.11592 -2.35498 -0.984658 
4.80498 3.30833 -2.40405 -0.937087 
5.00526 3.4816 -2.45312 -0.889516 
5.20294 3.63634 -2.50219 -0.841944 
5.3967 3.77324 -2.55126 -0.794373 
5.58529 3.89308 -2.60033 -0.746802 
5.76755 3.9967 -2.6494 -0.699231 
5.94235 4.08505 -2.69847 -0.651659 
6.10867 4.1591 -2.74754 -0.604088 
6.26557 4.21993 -2.79661 -0.556517 
6.41216 4.26864 -2.84568 -0.508945 
6.55483 4.3061 -2.92392 -0.508601 
6.69989 4.33228 -3.00215 -0.508256 
6.84646 4.34704 -3.08039 -0.507912 
6.99363 4.35029 3.12456 -0.507567 
7.1284 4.35184 -3.09979 -0.422092 
7.23813 4.35954 -3.04096 -0.336617 
7.32264 4.37047 -2.98212 -0.251143 
7.38202 4.3817 -2.92329 -0.165668 
7.4166 4.39032 -2.86446 -0.0801927 
7.42699 4.39348 -2.80562 0.00528226 
7.41403 4.3884 -2.74679 0.0907572 
7.3788 4.37235 -2.68796 0.176232 
7.33472 4.35001 -2.65675 0.164597 
7.29432 4.32793 -2.62554 0.152961 
7.25754 4.3063 -2.59434 0.141326 
7.2243 4.28534 -2.56313 0.129691 
7.19453 4.26524 -2.53192 0.118055 
7.16813 4.2462 -2.50072 0.10642 
7.14502 4.2284 -2.46951 0.0947845 
7.13106 4.21679 -2.41617 0.0304392 
7.13374 4.2191 -2.42726 -0.0548222 
7.14333 4.22723 -2.45312 -0.0319022 
7.14508 4.22866 -2.39089 0.0163485 
7.1368 4.22034 -2.32866 0.0645991 
7.11976 4.20106 -2.26643 0.11285 
7.09533 4.16975 -2.2042 0.1611 
7.07252 4.13713 -2.15448 0.113444 
7.0587 4.11512 -2.10475 0.0657876 
7.05272 4.10453 -2.05502 0.0181312 
7.0534 4.10603 -2.00529 -0.0295252 
7.05951 4.12025 -1.95556 -0.0771816 
7.06977 4.14768 -1.90584 -0.124838 
7.08248 4.18009 -1.9842 -0.11529 
7.09647 4.20891 -2.06256 -0.105743 
7.11128 4.23416 -2.14093 -0.0961954 
7.12643 4.25591 -2.21929 -0.0866479 
7.14149 4.27426 -2.29765 -0.0771004 
7.15601 4.28939 -2.37602 -0.0675528 
7.16961 4.30149 -2.45438 -0.0580053 
7.1819 4.31082 -2.53274 -0.0484578 
7.2035 4.3253 -2.56446 -0.130924 
7.2458 4.35182 -2.59619 -0.213389 
7.29217 4.37766 -2.6747 -0.152743 
7.32442 4.39248 -2.75321 -0.0920965 
7.34121 4.39871 -2.83172 -0.0314501 
7.34149 4.39891 -2.91023 0.0291963 
7.32453 4.39573 -2.98874 0.0898428 
7.2899 4.3919 -3.06725 0.150489 
7.23751 4.39017 3.13742 0.211136 
7.18256 4.39089 3.119 0.167863 

