1 -5 0 0 
1.00908 -4.99964 0.0587967 0.0626798 
1.03623 -4.99715 0.117593 0.12536 
1.08116 -4.99041 0.17639 0.188039 
1.14341 -4.97733 0.235187 0.250719 
1.22233 -4.95585 0.293983 0.313399 
1.31708 -4.924 0.35278 0.376079 
1.42666 -4.87986 0.411577 0.438759 
1.54096 -4.82484 0.485767 0.436297 
1.65025 -4.76186 0.559958 0.433836 
1.75398 -4.69134 0.634148 0.431375 
1.85164 -4.61378 0.708339 0.428914 
1.94275 -4.52968 0.782529 0.426453 
2.0269 -4.43957 0.85672 0.423991 
2.10369 -4.34403 0.930911 0.42153 
2.17278 -4.24365 1.0051 0.419069 
2.23437 -4.13696 1.08894 0.430779 
2.28826 -4.02242 1.17277 0.442489 
2.33356 -3.90059 1.25661 0.454199 
2.37431 -3.77998 1.23297 0.423762 
2.41488 -3.66867 1.20934 0.393324 
2.45485 -3.56657 1.1857 0.362886 
2.49381 -3.47358 1.16207 0.332448 
2.53135 -3.38959 1.13843 0.302011 
2.56707 -3.31449 1.11479 0.271573 
2.60058 -3.24813 1.09116 0.241135 
2.63654 -3.18308 1.04128 0.271498 
2.68034 -3.11243 0.991395 0.301861 
2.73261 -3.0368 0.941514 0.332224 
2.79394 -2.95688 0.891632 0.362587 
2.86488 -2.87342 0.84175 0.392951 
2.94592 -2.78717 0.791869 0.423314 
3.0375 -2.69896 0.741987 0.453677 
3.14 -2.60965 0.692105 0.48404 
3.25374 -2.52011 0.642224 0.514403 
3.37899 -2.43125 0.592342 0.544766 
3.50008 -2.34498 0.64681 0.48073 
3.60179 -2.26384 0.701278 0.416694 
3.68507 -2.18964 0.755745 0.352658 
3.75103 -2.12412 0.810213 0.288622 
3.8009 -2.0689 0.864681 0.224586 
3.83603 -2.02549 0.919148 0.16055 
3.85788 -1.9953 0.973616 0.0965146 
3.86805 -1.9796 1.02808 0.0324787 
3.86819 -1.97953 1.08255 -0.0315572 
3.86006 -1.99608 1.13702 -0.0955931 
3.84859 -2.01855 1.05851 -0.0784653 
3.838 -2.03583 0.979998 -0.0613374 
3.82901 -2.04821 0.901488 -0.0442095 
3.82231 -2.05608 0.822978 -0.0270817 
3.81853 -2.05989 0.744468 -0.00995379 
3.81825 -2.06018 0.665958 0.00717408 
3.82196 -2.05753 0.587447 0.0243019 
3.83407 -2.04902 0.630311 0.077793 
3.85814 -2.03059 0.673175 0.131284 
3.89331 -2.00121 0.716039 0.184775 
3.93867 -1.95993 0.758903 0.238266 
3.99325 -1.90582 0.801767 0.291757 
4.056 -1.83806 0.844631 0.345248 
4.12584 -1.75585 0.887495 0.398739 
4.20163 -1.65848 0.930359 0.45223 
4.27507 -1.55738 0.955136 0.409601 
4.33897 -1.46467 0.979913 0.366973 
4.3938 -1.38076 1.00469 0.324344 
4.44426 -1.30003 1.0196 0.332197 
4.49196 -1.22143 1.03129 0.301927 
4.53428 -1.14983 1.04298 0.271657 
4.57137 -1.08535 1.05467 0.241388 
4.60343 -1.0281 1.06635 0.211118 
4.63061 -0.978185 1.07804 0.180848 
4.65311 -0.935718 1.08973 0.150578 
4.67109 -0.900796 1.10142 0.120308 
4.68473 -0.873518 1.11311 0.0900382 
4.69422 -0.85398 1.1248 0.0597683 
4.69974 -0.842274 1.13649 0.0294985 
4.70387 -0.832915 1.1723 0.0410449 
4.70891 -0.820306 1.20812 0.0525914 
4.71462 -0.804374 1.24393 0.0641379 
4.72077 -0.785058 1.27975 0.0756844 
4.72713 -0.762309 1.31557 0.0872309 
4.73347 -0.736093 1.35138 0.0987774 
4.73952 -0.706387 1.3872 0.110324 
4.74507 -0.67318 1.42301 0.12187 
4.74985 -0.636475 1.45883 0.133417 
4.75392 -0.59499 1.48632 0.154075 
4.75728 -0.547433 1.51381 0.174732 
4.75959 -0.493816 1.54129 0.19539 
4.76051 -0.434167 1.56878 0.216048 
4.75973 -0.368524 1.59627 0.236706 
4.75691 -0.296942 1.62376 0.257364 
4.75172 -0.219487 1.65124 0.278022 
4.74384 -0.13624 1.67873 0.298679 
4.73295 -0.0472946 1.70622 0.319337 
4.72044 0.0518949 1.68674 0.370158 
4.70831 0.165964 1.66726 0.420978 
4.69712 0.29493 1.64779 0.471798 
4.68745 0.438794 1.62831 0.522619 
4.67944 0.595052 1.61586 0.556446 
4.67299 0.7612 1.60341 0.590273 
4.66836 0.937222 1.59097 0.624101 
4.66577 1.1231 1.57852 0.657928 
4.66549 1.3188 1.56607 0.691755 
4.66775 1.5243 1.55362 0.725583 
4.6728 1.73956 1.54118 0.75941 
4.68088 1.96455 1.52873 0.793238 
4.69223 2.19922 1.51628 0.827065 
4.70709 2.44352 1.50384 0.860892 
4.72949 2.69001 1.45637 0.846189 
4.76298 2.93093 1.4089 0.831486 
4.80707 3.16581 1.36143 0.816783 
4.85383 3.38798 1.36532 0.749025 
4.89576 3.59109 1.36921 0.681267 
4.933 3.7751 1.3731 0.613509 
4.9657 3.93998 1.37698 0.545751 
4.99401 4.0857 1.38087 0.477993 
5.01809 4.21222 1.38476 0.410235 
5.03411 4.3195 1.46277 0.338001 
5.04028 4.40681 1.54078 0.265767 
5.03982 4.47339 1.61879 0.193533 
5.03599 4.51886 1.6968 0.121299 
5.03207 4.54325 1.77481 0.0490646 
5.0313 4.54692 1.85282 -0.0231694 
5.03685 4.53066 1.93083 -0.0954034 
5.05179 4.49557 2.00884 -0.167637 
5.07904 4.44316 2.08685 -0.239871 
5.11408 4.38651 2.16395 -0.219629 
5.14992 4.33747 2.24105 -0.199386 
5.18561 4.29579 2.31815 -0.179143 
5.22025 4.26113 2.39524 -0.158901 
5.253 4.23305 2.47234 -0.138658 
5.28308 4.21105 2.54944 -0.118415 
5.30976 4.19451 2.62654 -0.0981725 
5.33243 4.18276 2.70364 -0.0779298 
5.34502 4.17647 2.64037 -0.0191548 
5.34964 4.17412 2.69836 -0.0165724 
5.35369 4.17233 2.75634 -0.0139899 
5.35714 4.17104 2.81433 -0.0114074 
5.35994 4.17018 2.87231 -0.00882494 
5.36206 4.16965 2.9303 -0.00624246 
5.36347 4.16939 2.98829 -0.00365999 
5.37638 4.16732 2.97949 -0.0865114 
5.41297 4.16115 2.97069 -0.169363 
5.47316 4.15047 2.9619 -0.252214 
5.55687 4.13487 2.9531 -0.335066 
5.66403 4.11392 2.9443 -0.417917 
5.77892 4.08777 2.8908 -0.394833 
5.88538 4.05974 2.87741 -0.364412 
5.98296 4.03266 2.86401 -0.333992 
6.0717 4.00674 2.85061 -0.303572 
6.15165 3.98222 2.83722 -0.273151 
6.22287 3.95933 2.82382 -0.242731 
6.28541 3.93831 2.81042 -0.21231 
6.33934 3.91937 2.79703 -0.18189 
6.38473 3.90275 2.78363 -0.15147 
6.42165 3.88867 2.77024 -0.121049 
6.45907 3.87487 2.80538 -0.154064 
6.50606 3.8594 2.84053 -0.187078 
6.56274 3.84292 2.87567 -0.220093 
6.62926 3.82608 2.91082 -0.253108 
6.70568 3.80956 2.94596 -0.286122 
6.79205 3.79405 2.98111 -0.319137 

