1 -5 0 0 
1.00415 -4.99979 0.07429 0.0286886 
1.01655 -4.99836 0.14858 0.0573772 
1.03698 -4.99446 0.22287 0.0860658 
1.0651 -4.98693 0.29716 0.114754 
1.10044 -4.9746 0.37145 0.143443 
1.1424 -4.95638 0.44574 0.172132 
1.19026 -4.93123 0.52003 0.20082 
1.24318 -4.8982 0.59432 0.229509 
1.30022 -4.85642 0.66861 0.258197 
1.36777 -4.80592 0.617164 0.32356 
1.45357 -4.74839 0.565718 0.388923 
1.55847 -4.6856 0.514273 0.454285 
1.68319 -4.6194 0.462827 0.519648 
1.82833 -4.55168 0.411381 0.58501 
1.99431 -4.48438 0.359936 0.650373 
2.18144 -4.41948 0.30849 0.715736 
2.38986 -4.35901 0.257044 0.781098 
2.59861 -4.30129 0.282906 0.712558 
2.78677 -4.24399 0.308767 0.644018 
2.95454 -4.18812 0.334628 0.575477 
3.10211 -4.1347 0.36049 0.506937 
3.24291 -4.08426 0.327807 0.524561 
3.39014 -4.03687 0.295125 0.542185 
3.54376 -3.99291 0.262443 0.559809 
3.70368 -3.95276 0.229761 0.577433 
3.86983 -3.91676 0.197079 0.595056 
4.0421 -3.8853 0.164397 0.61268 
4.22035 -3.85873 0.131714 0.630304 
4.39052 -3.83006 0.203522 0.560041 
4.5384 -3.79408 0.275329 0.489777 
4.66392 -3.75383 0.347136 0.419513 
4.76734 -3.71229 0.418944 0.34925 
4.8492 -3.67239 0.490751 0.278986 
4.91039 -3.63696 0.562558 0.208722 
4.95204 -3.6087 0.634366 0.138459 
4.97559 -3.59019 0.706173 0.0681948 
4.99275 -3.57468 0.760712 0.0913539 
5.01378 -3.5535 0.815252 0.114513 
5.0381 -3.52619 0.869791 0.137672 
5.06507 -3.49235 0.924331 0.160831 
5.09406 -3.45162 0.97887 0.18399 
5.12438 -3.4037 1.03341 0.207149 
5.15533 -3.34834 1.08795 0.230308 
5.18616 -3.28534 1.14249 0.253467 
5.21613 -3.21457 1.19703 0.276627 
5.24448 -3.13596 1.25157 0.299786 
5.27588 -3.05241 1.17187 0.315876 
5.3158 -2.96741 1.09217 0.331966 
5.36468 -2.88181 1.01247 0.348056 
5.42284 -2.79651 0.93277 0.364146 
5.49054 -2.71248 0.853071 0.380237 
5.56792 -2.63071 0.773371 0.396327 
5.65502 -2.55225 0.693672 0.412417 
5.7518 -2.47813 0.613973 0.428507 
5.84723 -2.41522 0.549871 0.359904 
5.92921 -2.36839 0.48577 0.291302 
5.99614 -2.33564 0.421668 0.222699 
6.04664 -2.31479 0.357566 0.154096 
6.07951 -2.30358 0.293465 0.0854937 
6.09382 -2.29964 0.229363 0.016891 
6.08885 -2.30053 0.165262 -0.0517116 
6.06412 -2.30374 0.10116 -0.120314 
6.01939 -2.30672 0.0370584 -0.188917 
5.95933 -2.30986 0.066536 -0.225853 
5.88872 -2.31564 0.0960136 -0.26279 
5.80766 -2.32468 0.125491 -0.299726 
5.72162 -2.33607 0.137689 -0.298796 
5.636 -2.34847 0.149888 -0.297867 
5.5508 -2.36187 0.162086 -0.296937 
5.46604 -2.37626 0.174285 -0.296007 
5.38535 -2.38952 0.151271 -0.267918 
5.31245 -2.3998 0.128257 -0.239829 
5.24742 -2.40744 0.105243 -0.211739 
5.19035 -2.41282 0.0822294 -0.18365 
5.14129 -2.41631 0.0592156 -0.155561 
5.10029 -2.41828 0.0362018 -0.127471 
5.06741 -2.41911 0.013188 -0.0993819 
5.04266 -2.41917 -0.00982574 -0.0712926 
5.02607 -2.41883 -0.0328395 -0.0432032 
5.01168 -2.41772 -0.116967 -0.0563462 
4.99367 -2.41481 -0.201094 -0.0694892 
4.97228 -2.40947 -0.285222 -0.0826322 
4.9478 -2.40113 -0.369349 -0.0957752 
4.92061 -2.38924 -0.453477 -0.108918 
4.89117 -2.3733 -0.537604 -0.122061 
4.85998 -2.35285 -0.621732 -0.135204 
4.82762 -2.32751 -0.705859 -0.148347 
4.78682 -2.29097 -0.751515 -0.229396 
4.73093 -2.23618 -0.79717 -0.310445 
4.66157 -2.1617 -0.842825 -0.391493 
4.58044 -2.06625 -0.888481 -0.472542 
4.48935 -1.94861 -0.934136 -0.553591 
4.39568 -1.8118 -1.00594 -0.590137 
4.30672 -1.65948 -1.07774 -0.626683 
4.22424 -1.49166 -1.14955 -0.663229 
4.15002 -1.30853 -1.22135 -0.699776 
4.08587 -1.11047 -1.29315 -0.736322 
4.03356 -0.898032 -1.36496 -0.772868 
3.99483 -0.671944 -1.43676 -0.809414 
3.97255 -0.449971 -1.50596 -0.729431 
3.96637 -0.250169 -1.57517 -0.649448 
3.97445 -0.0665129 -1.65504 -0.618708 
3.99606 0.107069 -1.7349 -0.587967 
4.02964 0.269647 -1.81477 -0.557227 
4.06854 0.431729 -1.79804 -0.592333 
4.10693 0.604377 -1.78132 -0.627438 
4.14447 0.787616 -1.7646 -0.662544 
4.18082 0.981463 -1.74787 -0.697649 
4.21563 1.18593 -1.73115 -0.732755 
4.24856 1.40101 -1.71443 -0.767861 
4.27926 1.6267 -1.6977 -0.802966 
4.30739 1.86297 -1.68098 -0.838072 
4.3326 2.10982 -1.66425 -0.873177 
4.35608 2.35298 -1.66998 -0.811569 
4.37914 2.57822 -1.67571 -0.749961 
4.40157 2.78557 -1.68144 -0.688354 
4.42316 2.97503 -1.68717 -0.626746 
4.44371 3.14663 -1.6929 -0.565138 
4.46301 3.30038 -1.69863 -0.50353 
4.48087 3.4363 -1.70436 -0.441922 
4.49707 3.55442 -1.71008 -0.380314 
4.51143 3.65475 -1.71581 -0.318706 
4.52372 3.73733 -1.72154 -0.257099 
4.53159 3.79878 -1.67159 -0.170177 
4.53448 3.83541 -1.62165 -0.0832551 
4.53489 3.84694 -1.5717 0.00366662 
4.53532 3.83328 -1.52175 0.0905883 
4.5383 3.79453 -1.4718 0.17751 
4.54633 3.73096 -1.42186 0.264432 
4.56188 3.64304 -1.37191 0.351354 
4.57625 3.55417 -1.4526 0.269658 
4.58157 3.48805 -1.53328 0.187963 
4.5816 3.4454 -1.61397 0.106268 
4.58018 3.42648 -1.69466 0.0245733 
4.58111 3.43111 -1.77535 -0.0571217 
4.58815 3.45863 -1.85604 -0.138817 
4.60496 3.50793 -1.93673 -0.220512 
4.63505 3.57747 -2.01741 -0.302207 
4.68174 3.6653 -2.0981 -0.383902 
4.7426 3.76087 -2.17723 -0.397744 
4.81325 3.85453 -2.25636 -0.411587 
4.89375 3.94533 -2.33549 -0.425429 
4.98406 4.03225 -2.41463 -0.439272 
5.08406 4.11432 -2.49376 -0.453114 
5.19352 4.19051 -2.57289 -0.466957 
5.31232 4.26116 -2.63679 -0.486413 
5.4404 4.32665 -2.70069 -0.50587 
5.57759 4.38607 -2.76459 -0.525326 
5.72359 4.43852 -2.82848 -0.544783 
5.87807 4.48311 -2.89238 -0.564239 
6.04058 4.51895 -2.95628 -0.583696 
6.21063 4.5452 -3.02018 -0.603152 
6.38763 4.56105 -3.08408 -0.622609 
6.56685 4.56683 -3.13469 -0.614159 
6.7381 4.57508 -3.05122 -0.568578 
6.89496 4.59583 -2.96776 -0.522998 
7.03664 4.62676 -2.8843 -0.477417 
7.15853 4.65902 -2.88128 -0.392102 
7.25641 4.68524 -2.87826 -0.306786 
7.33034 4.70529 -2.87525 -0.22147 
7.38026 4.71841 -2.89545 -0.134479 
7.4059 4.72462 -2.91565 -0.0474883 
7.40702 4.72491 -2.93585 0.0395026 
7.3834 4.72027 -2.95605 0.126494 
7.33486 4.71171 -2.97625 0.213484 
7.26122 4.70023 -2.99645 0.300475 
7.16238 4.68684 -3.01665 0.387466 
7.06263 4.67718 -3.07585 0.303796 
6.98672 4.67432 -3.13505 0.220125 
6.93504 4.67539 3.08893 0.136455 
6.90768 4.67752 3.02972 0.0527843 
6.90452 4.67785 2.97052 -0.0308862 
6.92516 4.67353 2.91131 -0.114557 
6.96896 4.66176 2.85211 -0.198227 
7.03501 4.63982 2.79291 -0.281898 
7.10197 4.61409 2.75484 -0.212776 
7.14947 4.59375 2.71677 -0.143655 
7.17807 4.58022 2.67869 -0.0745338 
7.20921 4.56647 2.76263 -0.160315 
7.26487 4.54715 2.84657 -0.246097 
7.32728 4.5304 2.91448 -0.199636 
7.37746 4.52051 2.98239 -0.153175 
7.41483 4.51573 3.0503 -0.106714 
7.43899 4.51426 3.11821 -0.0602529 
7.44973 4.5143 -3.09706 -0.0137918 
7.44701 4.51401 -3.02916 0.0326692 
7.43098 4.51157 -2.96125 0.0791302 
7.402 4.50519 -2.89334 0.125591 
7.36058 4.4931 -2.82543 0.172052 
7.32146 4.47969 -2.79535 0.113168 
7.29873 4.47115 -2.76527 0.0542847 
7.29205 4.46844 -2.73518 -0.00459911 
7.28913 4.46734 -2.79797 0.0261651 
7.27765 4.46368 -2.86075 0.0569293 
7.25732 4.45855 -2.92353 0.0876935 
7.22794 4.45305 -2.98632 0.118458 
7.18943 4.4483 -3.0491 0.149222 
7.14178 4.44543 -3.11188 0.179986 
7.08514 4.44557 3.10852 0.21075 
7.02999 4.4478 3.09329 0.169908 
6.9867 4.45021 3.07806 0.129065 
6.95528 4.45244 3.06283 0.0882226 
6.93569 4.45412 3.04759 0.04738 
6.92791 4.45489 3.03236 0.00653746 
6.9319 4.45441 3.01713 -0.0343051 
6.94763 4.45231 3.0019 -0.0751477 
6.97505 4.44822 2.98666 -0.11599 

