1 -5 0 0 
1.00439 -5.00003 -0.0108178 0.030301 
1.01757 -5.00025 -0.0216356 0.060602 
1.04757 -5.00226 -0.100967 0.146757 
1.10204 -5.01014 -0.180299 0.232912 
1.18009 -5.02776 -0.259631 0.319068 
1.28037 -5.05887 -0.338962 0.405223 
1.40107 -5.10707 -0.418294 0.491378 
1.53842 -5.16202 -0.343686 0.529093 
1.68992 -5.20987 -0.269079 0.566808 
1.85519 -5.24881 -0.194471 0.604523 
2.03372 -5.27703 -0.119863 0.642238 
2.22474 -5.29277 -0.0452557 0.679953 
2.42734 -5.29431 0.029352 0.717668 
2.64041 -5.28002 0.10396 0.755383 
2.86264 -5.24835 0.178567 0.793099 
3.07888 -5.20316 0.234189 0.730646 
3.27479 -5.15071 0.289811 0.668193 
3.45028 -5.09311 0.345433 0.60574 
3.60542 -5.03244 0.401055 0.543288 
3.74049 -4.97078 0.456677 0.480835 
3.8559 -4.91013 0.512299 0.418382 
3.95222 -4.85247 0.567921 0.35593 
4.0302 -4.79971 0.623543 0.293477 
4.09072 -4.75368 0.679165 0.231024 
4.13483 -4.71611 0.734787 0.168571 
4.17694 -4.67998 0.68536 0.214128 
4.23121 -4.63787 0.635932 0.259684 
4.29832 -4.59091 0.586504 0.305241 
4.37885 -4.54029 0.537076 0.350797 
4.46246 -4.48868 0.569246 0.32687 
4.53859 -4.43825 0.601415 0.302943 
4.6074 -4.38941 0.633585 0.279016 
4.66907 -4.34258 0.665755 0.255088 
4.72383 -4.29816 0.697925 0.231161 
4.77188 -4.25655 0.730094 0.207234 
4.81347 -4.21812 0.762264 0.183307 
4.84886 -4.18325 0.794434 0.159379 
4.88236 -4.14616 0.875885 0.185359 
4.91731 -4.1005 0.957335 0.211338 
4.95251 -4.04581 1.03879 0.237317 
4.9867 -3.9818 1.12024 0.263296 
5.01857 -3.90831 1.20169 0.289275 
5.04679 -3.82535 1.28314 0.315254 
5.07426 -3.74115 1.22717 0.2956 
5.10432 -3.66394 1.17119 0.275945 
5.13629 -3.59371 1.11522 0.25629 
5.1695 -3.53042 1.05925 0.236636 
5.20326 -3.47399 1.00328 0.216981 
5.23693 -3.42424 0.947306 0.197327 
5.26988 -3.381 0.891335 0.177672 
5.31093 -3.33462 0.805827 0.249597 
5.37087 -3.27751 0.720319 0.321522 
5.44243 -3.21934 0.644551 0.314647 
5.51655 -3.16789 0.568783 0.307771 
5.59263 -3.1232 0.493016 0.300895 
5.66472 -3.08762 0.42189 0.253662 
5.72647 -3.06241 0.350765 0.206429 
5.77684 -3.0459 0.279639 0.159196 
5.81497 -3.03633 0.208514 0.111963 
5.84019 -3.03184 0.137388 0.0647306 
5.85204 -3.03055 0.0662624 0.0174978 
5.85026 -3.03052 -0.00486316 -0.0297351 
5.83481 -3.02981 -0.0759887 -0.0769679 
5.80584 -3.02649 -0.147114 -0.124201 
5.76271 -3.02058 -0.126378 -0.17598 
5.70456 -3.01383 -0.105641 -0.227759 
5.63134 -3.00686 -0.084904 -0.279539 
5.54301 -3.00029 -0.0641672 -0.331318 
5.44547 -2.99076 -0.130209 -0.344675 
5.34496 -2.97418 -0.19625 -0.358033 
5.24432 -2.94959 -0.283012 -0.356667 
5.14656 -2.91651 -0.369774 -0.3553 
5.0524 -2.87523 -0.456536 -0.353934 
4.96252 -2.82614 -0.543298 -0.352568 
4.87757 -2.76967 -0.63006 -0.351201 
4.79813 -2.7063 -0.716822 -0.349835 
4.72477 -2.63655 -0.803584 -0.348469 
4.658 -2.561 -0.890346 -0.347103 
4.59826 -2.48028 -0.977108 -0.345736 
4.54594 -2.39501 -1.06387 -0.34437 
4.49787 -2.30314 -1.11305 -0.370796 
4.45116 -2.20206 -1.16223 -0.397222 
4.40661 -2.0917 -1.21141 -0.423648 
4.36502 -1.97204 -1.26059 -0.450073 
4.3272 -1.84314 -1.30977 -0.476499 
4.29396 -1.70508 -1.35896 -0.502925 
4.26613 -1.55802 -1.40814 -0.529351 
4.24451 -1.40219 -1.45732 -0.555777 
4.2299 -1.23785 -1.5065 -0.582203 
4.21384 -1.05945 -1.45653 -0.653204 
4.18604 -0.861695 -1.40656 -0.724206 
4.14452 -0.645351 -1.35659 -0.795208 
4.08736 -0.411349 -1.30662 -0.86621 
4.02882 -0.170707 -1.35794 -0.84198 
3.98401 0.0657184 -1.40927 -0.817751 
3.95234 0.29717 -1.46059 -0.793521 
3.93317 0.522942 -1.51192 -0.769292 
3.92264 0.748078 -1.53612 -0.785106 
3.91746 0.977988 -1.56032 -0.80092 
3.91785 1.21254 -1.58453 -0.816735 
3.92404 1.4516 -1.60873 -0.832549 
3.93215 1.69242 -1.60017 -0.829196 
3.94801 1.92521 -1.67833 -0.78038 
3.97994 2.14204 -1.75648 -0.731565 
4.02555 2.34193 -1.83463 -0.682749 
4.08239 2.52414 -1.91279 -0.633933 
4.14803 2.68822 -1.99094 -0.585118 
4.22001 2.83398 -2.06909 -0.536302 
4.29196 2.96411 -2.08285 -0.489236 
4.35893 3.08139 -2.09662 -0.442169 
4.42057 3.18598 -2.11038 -0.395103 
4.47655 3.27805 -2.12414 -0.348036 
4.53577 3.36582 -2.20343 -0.382333 
4.60795 3.45639 -2.28272 -0.416631 
4.69387 3.54823 -2.36201 -0.450928 
4.79414 3.63968 -2.44131 -0.485225 
4.90918 3.72901 -2.5206 -0.519522 
5.03925 3.81439 -2.59989 -0.553819 
5.18439 3.894 -2.67918 -0.588116 
5.34445 3.96594 -2.75847 -0.622413 
5.51907 4.02832 -2.83777 -0.65671 
5.70767 4.07927 -2.91706 -0.691007 
5.89681 4.12144 -2.92745 -0.645421 
6.07344 4.15891 -2.93785 -0.599835 
6.23749 4.19192 -2.94824 -0.55425 
6.3872 4.22788 -2.8623 -0.507874 
6.52051 4.27229 -2.77636 -0.461497 
6.63718 4.32264 -2.69041 -0.415121 
6.73726 4.37645 -2.60447 -0.368745 
6.8211 4.43128 -2.51853 -0.322369 
6.88936 4.48479 -2.43258 -0.275992 
6.94295 4.53479 -2.34664 -0.229616 
6.98306 4.5792 -2.2607 -0.18324 
7.0111 4.61617 -2.17476 -0.136863 
7.02872 4.64402 -2.08881 -0.0904872 
7.04051 4.66432 -2.10625 -0.0714158 
7.04592 4.67356 -2.0886 -0.00243813 
7.04142 4.66543 -2.07094 0.0665396 
7.02762 4.63959 -2.05328 0.135517 
7.01335 4.61192 -2.03993 0.0791802 
7.00673 4.59869 -2.02658 0.0228432 
7.00738 4.60009 -2.01323 -0.0334939 
7.00957 4.60482 -1.98552 -0.00240896 
7.0081 4.6013 -1.95781 0.0286759 
7.00344 4.58935 -1.9301 0.0597608 
6.99607 4.5688 -1.90239 0.0908457 
6.98645 4.53949 -1.87468 0.121931 
6.97507 4.50128 -1.84697 0.153016 
6.96241 4.45407 -1.81926 0.1841 
6.94898 4.39775 -1.79155 0.215185 
6.93525 4.33227 -1.76384 0.24627 
6.92174 4.25755 -1.73613 0.277355 
6.90765 4.17304 -1.73586 0.313528 
6.89186 4.07818 -1.7356 0.349702 
6.87438 3.97296 -1.73533 0.385875 
6.8552 3.85739 -1.73507 0.422048 
6.83644 3.74727 -1.74436 0.34841 
6.82044 3.65833 -1.75366 0.274772 
6.80759 3.59053 -1.76295 0.201134 
6.79829 3.5438 -1.77225 0.127496 
6.79292 3.51806 -1.78155 0.0538573 
6.79188 3.51323 -1.79084 -0.0197808 
6.79556 3.52922 -1.80014 -0.093419 
6.80433 3.56596 -1.80943 -0.167057 
6.81859 3.62334 -1.81873 -0.240695 
6.83872 3.70126 -1.82802 -0.314334 
6.85604 3.77892 -1.74866 -0.234533 
6.86396 3.83478 -1.66931 -0.154732 
6.86607 3.86801 -1.58995 -0.0749318 
6.86602 3.87817 -1.51059 0.00486875 
6.86695 3.86792 -1.46352 0.066071 
6.87067 3.84014 -1.41646 0.127273 
6.87884 3.7951 -1.3694 0.188475 
6.88928 3.75156 -1.29613 0.120373 
6.8979 3.72482 -1.21509 0.0734226 
6.90341 3.71143 -1.13405 0.0264723 
6.90372 3.71061 -1.05301 -0.020478 
6.89689 3.72137 -0.971967 -0.0674283 
6.88717 3.73464 -0.900756 -0.0460482 
6.88055 3.74247 -0.829546 -0.0246682 
6.87774 3.74539 -0.758336 -0.00328812 
6.88088 3.74251 -0.734159 0.0326548 
6.89191 3.73282 -0.709982 0.0685977 
6.91116 3.71671 -0.685806 0.104541 
6.93894 3.69456 -0.661629 0.140484 
6.97554 3.66678 -0.637453 0.176426 
7.02126 3.6338 -0.613276 0.212369 
7.07636 3.59603 -0.5891 0.248312 
7.13796 3.55823 -0.511854 0.250316 
7.20282 3.52502 -0.434608 0.25232 
7.27059 3.49669 -0.357363 0.254324 
7.34089 3.4735 -0.280117 0.256328 
7.41333 3.45566 -0.202871 0.258333 
7.48751 3.44337 -0.125626 0.260337 
7.55608 3.43667 -0.0674269 0.214925 
7.61013 3.43412 -0.0246804 0.158291 
7.64782 3.43393 0.0180662 0.101658 
7.66908 3.43471 0.0608127 0.0450237 
7.67391 3.43505 0.103559 -0.0116102 
7.66243 3.43355 0.146306 -0.068244 
7.63483 3.42882 0.189052 -0.124878 
7.5914 3.41949 0.231799 -0.181512 
7.53251 3.40419 0.274545 -0.238146 
7.47451 3.3901 0.198227 -0.173558 
7.4341 3.38345 0.121909 -0.108971 
7.41196 3.38147 0.0455915 -0.0443834 
7.40845 3.38133 -0.0307264 0.0202041 
7.42363 3.38016 -0.107044 0.0847915 
7.4572 3.37513 -0.183362 0.149379 
7.50856 3.36344 -0.25968 0.213966 
7.57678 3.34238 -0.335998 0.278554 
7.64403 3.31629 -0.406908 0.219017 
7.69366 3.29289 -0.477819 0.15948 
7.72647 3.27451 -0.548729 0.0999433 
7.7435 3.26338 -0.619639 0.0404065 
7.74601 3.26158 -0.690549 -0.0191304 
7.73548 3.27107 -0.76146 -0.0786672 
7.71358 3.29362 -0.83237 -0.138204 
7.68927 3.32166 -0.881954 -0.117705 
7.67005 3.34618 -0.931538 -0.0972066 
7.65549 3.36677 -0.981122 -0.0767079 
7.64515 3.38303 -1.03071 -0.0562092 
7.63856 3.39462 -1.08029 -0.0357105 
7.63523 3.4012 -1.12987 -0.0152118 
7.63462 3.40251 -1.17946 0.00528693 
7.63621 3.3983 -1.22904 0.0257856 
7.63945 3.38836 -1.27863 0.0462843 
7.64091 3.38308 -1.36384 -0.00853249 
7.63931 3.39338 -1.44905 -0.0633493 
7.63735 3.41962 -1.53426 -0.118166 
7.63772 3.46182 -1.61947 -0.172983 
7.64312 3.51967 -1.70468 -0.2278 
7.65228 3.57744 -1.75348 -0.175651 
7.66114 3.6199 -1.80228 -0.123503 
7.66823 3.64725 -1.85108 -0.0713541 
7.67211 3.65979 -1.89988 -0.0192055 
7.67136 3.65794 -1.94868 0.0329431 
7.66461 3.64222 -1.99748 0.0850916 
7.6505 3.61324 -2.04628 0.13724 
7.6336 3.58085 -2.05783 0.11469 
7.61941 3.55443 -2.06939 0.0921406 
7.60809 3.53389 -2.08094 0.0695907 
7.59975 3.51918 -2.09249 0.0470409 
7.59453 3.51021 -2.10405 0.0244911 
7.59533 3.51132 -2.16496 -0.0338777 
7.60081 3.51873 -2.25154 -0.0296864 
7.6061 3.52473 -2.33812 -0.025495 
7.61101 3.52941 -2.4247 -0.0213037 
7.61536 3.53289 -2.51128 -0.0171123 
7.61898 3.53531 -2.59786 -0.0129209 
7.62173 3.53682 -2.68444 -0.00872958 
7.62348 3.5376 -2.77102 -0.00453822 
7.62415 3.53784 -2.8576 -0.000346862 
7.62226 3.53734 -2.89428 0.0138435 
7.61634 3.53597 -2.93095 0.0280339 
7.60634 3.53404 -2.96763 0.0422243 
7.59221 3.53183 -3.0043 0.0564147 
7.57392 3.52966 -3.04098 0.070605 
7.55147 3.52782 -3.07765 0.0847954 
7.52485 3.52662 -3.11433 0.0989858 
7.49409 3.52635 3.13218 0.113176 
7.45922 3.52733 3.09551 0.127367 
7.42031 3.52986 3.05883 0.141557 
7.39003 3.53218 3.07293 0.0678981 
7.38104 3.53276 3.08703 -0.00576069 
7.37892 3.53291 3.0682 0.020433 
7.36923 3.53372 3.04937 0.0466267 
7.35476 3.535 3.05765 0.0535228 
7.33829 3.53631 3.06593 0.0604188 
7.31982 3.53764 3.07421 0.0673148 
7.29934 3.53893 3.08249 0.0742109 
7.27685 3.54017 3.09077 0.0811069 
7.25236 3.54131 3.09904 0.088003 
7.22586 3.54233 3.10732 0.094899 
7.19735 3.54319 3.1156 0.101795 
7.16684 3.54385 3.12388 0.108691 

