1 -5 0 0 
1.00784 -5.00028 -0.0529294 0.0540975 
1.03129 -5.00221 -0.105859 0.108195 
1.05018 -5.00465 -0.162885 0.0231997 
1.04471 -5.00347 -0.219911 -0.0617957 
1.01543 -4.99592 -0.276936 -0.146791 
0.963117 -4.9793 -0.333962 -0.231786 
0.890633 -4.95095 -0.408287 -0.305099 
0.801272 -4.90814 -0.482612 -0.378412 
0.696889 -4.84826 -0.556938 -0.451725 
0.579627 -4.76888 -0.631263 -0.525038 
0.451901 -4.66785 -0.705588 -0.598351 
0.316373 -4.54324 -0.779913 -0.671664 
0.175926 -4.39341 -0.854238 -0.744977 
0.0360535 -4.24578 -0.768759 -0.658002 
-0.0970556 -4.12736 -0.68328 -0.571026 
-0.219997 -4.02865 -0.669567 -0.516352 
-0.331781 -3.94138 -0.655854 -0.461677 
-0.432119 -3.86524 -0.642141 -0.407002 
-0.520729 -3.79989 -0.628429 -0.352327 
-0.597338 -3.745 -0.614716 -0.297652 
-0.674653 -3.69438 -0.546055 -0.339776 
-0.770757 -3.6408 -0.473767 -0.419243 
-0.891349 -3.58453 -0.401479 -0.498709 
-1.03721 -3.52888 -0.329191 -0.578176 
-1.20877 -3.47726 -0.256903 -0.657642 
-1.40609 -3.43312 -0.184615 -0.737108 
-1.62886 -3.39994 -0.112327 -0.816575 
-1.87643 -3.38118 -0.0400392 -0.896041 
-2.13897 -3.36995 -0.045439 -0.916281 
-2.40732 -3.35702 -0.0508389 -0.93652 
-2.68145 -3.34233 -0.0562387 -0.956759 
-2.96061 -3.32363 -0.0774531 -0.972817 
-3.24395 -3.29861 -0.0986676 -0.988876 
-3.52545 -3.25957 -0.177201 -0.97162 
-3.79814 -3.19963 -0.255734 -0.954364 
-4.0605 -3.11994 -0.334267 -0.937108 
-4.31113 -3.02175 -0.4128 -0.919852 
-4.5488 -2.90637 -0.491333 -0.902597 
-4.77236 -2.77524 -0.569866 -0.885341 
-4.98085 -2.62983 -0.648399 -0.868085 
-5.17341 -2.4717 -0.726933 -0.850829 
-5.34802 -2.30783 -0.781008 -0.800797 
-5.50348 -2.14525 -0.835083 -0.750765 
-5.6405 -1.98552 -0.889158 -0.700733 
-5.75984 -1.83013 -0.943233 -0.6507 
-5.86241 -1.68048 -0.997308 -0.600668 
-5.94921 -1.5379 -1.05138 -0.550636 
-6.02132 -1.40363 -1.10546 -0.500603 
-6.0874 -1.2607 -1.16835 -0.58556 
-6.1533 -1.09094 -1.23124 -0.670517 
-6.21587 -0.893899 -1.29413 -0.755474 
-6.27192 -0.669422 -1.35702 -0.840431 
-6.31821 -0.417641 -1.41991 -0.925388 
-6.35961 -0.16189 -1.40045 -0.861405 
-6.40266 0.0747528 -1.381 -0.797421 
-6.43722 0.306253 -1.46384 -0.817291 
-6.45289 0.545568 -1.54669 -0.837161 
-6.4486 0.791118 -1.62954 -0.857031 
-6.42342 1.0412 -1.71238 -0.876901 
-6.37659 1.29401 -1.79523 -0.896772 
-6.30749 1.54763 -1.87808 -0.916642 
-6.21566 1.80008 -1.96092 -0.936512 
-6.10085 2.0493 -2.04377 -0.956382 
-5.96298 2.29318 -2.12662 -0.976252 
-5.80405 2.5306 -2.19459 -0.994501 
-5.62594 2.75675 -2.28129 -0.991395 
-5.42953 2.96597 -2.36799 -0.988289 
-5.21642 3.15679 -2.45469 -0.985182 
-4.9883 3.32791 -2.54139 -0.982076 
-4.75087 3.48066 -2.59862 -0.965277 
-4.50932 3.61718 -2.65585 -0.948478 
-4.26474 3.73752 -2.71307 -0.931679 
-4.01815 3.84177 -2.7703 -0.91488 
-3.7706 3.93011 -2.82753 -0.898081 
-3.52307 4.00277 -2.88476 -0.881281 
-3.27096 4.06251 -2.93288 -0.90576 
-3.00928 4.11136 -2.98099 -0.930238 
-2.73853 4.14853 -3.0291 -0.954717 
-2.45923 4.17326 -3.07722 -0.979195 
-2.17356 4.19214 -3.07404 -0.995284 
-1.88832 4.21472 -3.05107 -0.978061 
-1.60865 4.24334 -3.02811 -0.960838 
-1.33466 4.27775 -3.00514 -0.943615 
-1.06648 4.3177 -2.98218 -0.926391 
-0.804201 4.36296 -2.95921 -0.909168 
-0.547936 4.41326 -2.93625 -0.891945 
-0.29781 4.46322 -2.95273 -0.867156 
-0.0539656 4.50776 -2.96922 -0.842366 
0.183487 4.54709 -2.98571 -0.817577 
0.414446 4.58145 -3.0022 -0.792788 
0.638812 4.61106 -3.01869 -0.767998 
0.856495 4.63614 -3.03518 -0.743209 
1.06741 4.65692 -3.05166 -0.718419 
1.27147 4.67363 -3.06815 -0.69363 
1.4686 4.68651 -3.08464 -0.668841 
1.66092 4.69515 -3.1088 -0.658861 
1.8505 4.69909 -3.13297 -0.648881 
2.04861 4.70023 -3.13863 -0.717395 
2.26658 4.70024 3.13889 -0.78591 
2.50443 4.69892 3.13323 -0.854425 
2.76213 4.69603 3.12757 -0.92294 
3.03968 4.69134 3.12191 -0.991455 
3.32653 4.68294 3.10274 -0.987682 
3.61207 4.6691 3.08357 -0.983909 
3.8962 4.64986 3.0644 -0.980136 
4.17882 4.62528 3.04523 -0.976363 
4.45983 4.59539 3.02606 -0.97259 
4.73913 4.56027 3.00689 -0.968817 
5.01662 4.51995 2.98772 -0.965044 
5.29703 4.47495 2.97727 -0.993596 
5.57456 4.43499 3.0203 -0.940269 
5.83816 4.40855 3.06334 -0.886942 
6.08722 4.39435 3.10637 -0.833614 
6.32119 4.39108 -3.13378 -0.780287 
6.53691 4.39851 -3.07968 -0.708464 
6.72917 4.41327 -3.04958 -0.621464 
6.89583 4.43112 -3.01949 -0.534464 
7.04159 4.44334 -3.09794 -0.474587 
7.1705 4.44403 3.10679 -0.41471 

