1 -5 0 0 
0.988764 -4.99949 -0.0676523 -0.0775758 
0.976429 -4.99833 -0.139757 -0.00788731 
0.984103 -4.99982 -0.211862 0.0618011 
1.01124 -5.00681 -0.283967 0.13149 
1.05698 -5.0221 -0.356072 0.201178 
1.12017 -5.04836 -0.428176 0.270866 
1.19937 -5.08816 -0.500281 0.340555 
1.29287 -5.14388 -0.572386 0.410243 
1.39869 -5.21774 -0.644491 0.479932 
1.50796 -5.29458 -0.580382 0.441491 
1.61241 -5.35845 -0.516274 0.40305 
1.71088 -5.41031 -0.452165 0.364609 
1.8023 -5.45121 -0.388057 0.326167 
1.88569 -5.48229 -0.323948 0.287726 
1.96024 -5.50475 -0.25984 0.249285 
2.02521 -5.51987 -0.195731 0.210844 
2.0888 -5.53145 -0.165196 0.234957 
2.15963 -5.54214 -0.13466 0.25907 
2.2377 -5.55148 -0.104125 0.283183 
2.32298 -5.55906 -0.0735896 0.307295 
2.41543 -5.56444 -0.0430542 0.331408 
2.51269 -5.56995 -0.0699492 0.340433 
2.61237 -5.57829 -0.0968441 0.349458 
2.71439 -5.58959 -0.123739 0.358483 
2.81867 -5.60399 -0.150634 0.367508 
2.9251 -5.62162 -0.177529 0.376533 
3.03359 -5.6426 -0.204424 0.385558 
3.14403 -5.66706 -0.231319 0.394583 
3.25632 -5.69511 -0.258214 0.403608 
3.37898 -5.72183 -0.172764 0.462423 
3.52038 -5.7402 -0.087315 0.521238 
3.67986 -5.7472 -0.00186545 0.580053 
3.8564 -5.73986 0.0835841 0.638868 
4.02871 -5.71942 0.15415 0.558046 
4.17613 -5.69129 0.224715 0.477224 
4.29856 -5.65887 0.295281 0.396403 
4.39623 -5.6255 0.365847 0.315581 
4.46974 -5.59447 0.436413 0.234759 
4.51999 -5.56899 0.506978 0.153937 
4.54826 -5.55212 0.577544 0.0731156 
4.5561 -5.54678 0.64811 -0.00770623 
4.54536 -5.5557 0.718675 -0.088528 
4.53087 -5.5691 0.780528 -0.047639 
4.5254 -5.57478 0.842381 -0.00675 
4.5279 -5.5717 0.904233 0.034139 
4.53725 -5.55892 0.966086 0.075028 
4.55223 -5.53564 1.02794 0.115917 
4.57154 -5.50114 1.08979 0.156806 
4.58735 -5.47189 1.05679 0.0724991 
4.59174 -5.46427 1.02378 -0.0118079 
4.59475 -5.45902 1.05935 0.0535361 
4.60655 -5.43698 1.09491 0.11888 
4.62593 -5.39754 1.13047 0.184224 
4.65167 -5.34015 1.16604 0.249568 
4.68251 -5.26433 1.2016 0.314912 
4.71715 -5.16968 1.23717 0.380256 
4.75429 -5.05584 1.27273 0.445599 
4.7926 -4.92255 1.3083 0.510943 
4.82597 -4.77602 1.38519 0.525696 
4.8486 -4.62314 1.46209 0.540449 
4.85972 -4.4647 1.53898 0.555201 
4.85861 -4.30159 1.61588 0.569954 
4.84462 -4.13479 1.69277 0.584706 
4.81717 -3.96534 1.76967 0.599459 
4.77578 -3.79434 1.84656 0.614211 
4.72006 -3.62296 1.92346 0.628964 
4.65295 -3.44888 1.95387 0.657736 
4.57369 -3.26739 2.01049 0.708222 
4.47769 -3.07762 2.06711 0.758708 
4.37886 -2.89431 2.06332 0.677507 
4.29183 -2.7314 2.05952 0.596306 
4.21643 -2.58897 2.05572 0.515105 
4.15251 -2.46711 2.05192 0.433904 
4.09992 -2.3659 2.04813 0.352703 
4.05848 -2.28544 2.04433 0.271502 
4.02805 -2.22579 2.04053 0.190301 
4.00847 -2.18704 2.03673 0.1091 
3.99957 -2.16928 2.03294 0.0278985 
4.0012 -2.17259 2.02914 -0.0533025 
4.00486 -2.18032 1.9856 -0.00573797 
4.00291 -2.17547 1.94206 0.0418266 
3.99644 -2.15758 1.89853 0.0893911 
3.9866 -2.12627 1.85499 0.136956 
3.97456 -2.07966 1.79588 0.195067 
3.96201 -2.0159 1.73678 0.253179 
3.95096 -1.93481 1.67767 0.311291 
3.94294 -1.83585 1.62718 0.373519 
3.93937 -1.71857 1.57669 0.435748 
3.94206 -1.58322 1.52619 0.497977 
3.95284 -1.43018 1.4757 0.560205 
3.9735 -1.25997 1.42521 0.622434 
3.99407 -1.08086 1.48773 0.621107 
4.00339 -0.901203 1.55026 0.61978 
4.00147 -0.721699 1.61278 0.618453 
3.98836 -0.54305 1.67531 0.617126 
3.96417 -0.365949 1.73783 0.615799 
3.92903 -0.191084 1.80036 0.614472 
3.89313 -0.0274695 1.77264 0.540783 
3.86577 0.116084 1.74493 0.467094 
3.8432 0.242435 1.75039 0.41809 
3.82251 0.354685 1.75584 0.369087 
3.80386 0.452859 1.7613 0.320083 
3.78908 0.548442 1.6881 0.347094 
3.7807 0.652656 1.6149 0.374105 
3.77991 0.765035 1.5417 0.401116 
3.78785 0.884986 1.4685 0.428128 
3.80562 1.01179 1.3953 0.455139 
3.83427 1.14461 1.3221 0.48215 
3.87476 1.2825 1.2489 0.509161 
3.92798 1.42439 1.1757 0.536172 
3.9947 1.56912 1.1025 0.563184 
4.0685 1.7095 1.07084 0.530636 
4.14205 1.83927 1.03917 0.498089 
4.21475 1.95858 1.00751 0.465542 
4.28603 2.06763 0.975843 0.432995 
4.35532 2.16664 0.944178 0.400448 
4.42205 2.25585 0.912514 0.367901 
4.48352 2.34153 0.98463 0.359466 
4.53738 2.42932 1.05675 0.351031 
4.58365 2.5186 1.12886 0.342596 
4.62239 2.60873 1.20098 0.334161 
4.65375 2.69911 1.27309 0.325726 
4.67787 2.78915 1.34521 0.317292 
4.69499 2.8783 1.41732 0.308857 
4.70535 2.96601 1.48944 0.300422 
4.70926 3.0518 1.56155 0.291987 
4.70703 3.13521 1.63367 0.283552 
4.70194 3.21435 1.63647 0.263339 
4.69702 3.28762 1.63927 0.243126 
4.69096 3.36016 1.66857 0.258955 
4.68227 3.43706 1.69788 0.274784 
4.66872 3.52815 1.73727 0.36032 
4.64701 3.643 1.77665 0.445855 
4.61524 3.78108 1.81604 0.531391 
4.57157 3.94175 1.85543 0.616926 
4.51884 4.10181 1.92402 0.545533 
4.46308 4.23872 1.99262 0.47414 
4.4072 4.3529 2.06122 0.402747 
4.35398 4.44506 2.12981 0.331353 
4.30615 4.5162 2.19841 0.25996 
4.26628 4.56757 2.26701 0.188567 
4.23679 4.60066 2.3356 0.117174 
4.21995 4.61722 2.4042 0.0457805 
4.21779 4.6192 2.4728 -0.0256128 
4.23218 4.60876 2.54139 -0.097006 
4.25837 4.59181 2.59169 -0.118138 
4.29068 4.57314 2.64199 -0.139269 
4.32934 4.55331 2.6923 -0.160401 
4.37453 4.53293 2.7426 -0.181533 
4.4264 4.51261 2.7929 -0.202664 
4.48503 4.49298 2.8432 -0.223796 
4.55047 4.47467 2.8935 -0.244927 
4.62273 4.45831 2.9438 -0.266059 
4.70175 4.44456 2.9941 -0.287191 
4.78745 4.43405 3.04441 -0.308322 
4.87684 4.42545 3.04696 -0.310975 
4.96701 4.41701 3.04951 -0.313627 
5.05797 4.40872 3.05207 -0.31628 
5.14972 4.40061 3.05462 -0.318932 
5.24225 4.39266 3.05717 -0.321584 
5.33557 4.38488 3.05972 -0.324237 
5.42968 4.37728 3.06228 -0.326889 
5.52457 4.36986 3.06483 -0.329542 
5.62025 4.36262 3.06738 -0.332194 
5.71675 4.35297 3.01643 -0.33675 
5.81395 4.33821 2.96548 -0.341305 
5.91156 4.31825 2.91453 -0.345861 
6.0093 4.29303 2.86358 -0.350417 
6.10218 4.26582 2.84944 -0.317055 
6.18542 4.24015 2.8353 -0.283694 
6.25909 4.21629 2.82116 -0.250333 
6.32325 4.19451 2.80703 -0.216971 
6.37798 4.17506 2.79289 -0.18361 
6.42429 4.15695 2.74372 -0.159338 
6.46323 4.13948 2.69455 -0.135067 
6.495 4.12331 2.64538 -0.110795 
6.52497 4.10803 2.69399 -0.121201 
6.55839 4.09298 2.7426 -0.131606 
6.59531 4.07848 2.79121 -0.142012 
6.63576 4.06481 2.83983 -0.152418 
6.67972 4.05231 2.88844 -0.162823 
6.72717 4.04127 2.93705 -0.173229 
6.77808 4.032 2.98566 -0.183635 

