-1.5708 0 
-1.40617 1.59227 
-0.973687 2.60053 
-0.419942 2.82081 
0.125117 2.60416 
0.543188 1.62236 
0.795171 0.948725 
0.940327 0.53897 
0.89138 -1.04121 
0.503303 -2.92219 
-0.309703 -5.2392 
-1.33148 -4.73823 
-2.09282 -2.63161 
-2.59146 -2.23852 
-2.95724 -1.37733 
-3.13485 -0.39376 
-3.11437 0.598485 
-2.89634 1.57281 
-2.49622 2.37308 
-1.98444 2.61398 
-1.38916 3.14602 
-0.804014 2.53626 
-0.42254 1.20806 
-0.334846 -0.34132 
-0.555772 -1.83776 
-1.15853 -4.04438 
-2.07942 -4.86812 
-3.00112 -4.18304 
-3.45163 -0.340136 
-3.1389 3.48687 
-2.06715 7.06635 
-0.462906 8.50257 
1.24992 8.82345 
2.92014 8.3185 
4.61722 8.34888 
6.07315 5.85188 
6.91579 2.63964 
7.16453 -0.095103 
6.87594 -2.85574 
5.98655 -6.08932 
4.49554 -8.42651 
2.79976 -8.28162 
1.40278 -6.06609 
0.225368 -5.97706 
-1.01883 -6.31468 
-2.17301 -4.86025 
-2.85999 -1.88468 
-2.90901 1.39812 
-2.31244 4.47462 
-1.20637 6.24074 
0.0456498 6.0636 
0.961633 3.24451 
1.40897 1.36388 
1.5426 0.0157254 

