-1.5708 0 
-1.52257 0.466377 
-1.39618 0.756178 
-1.23917 0.763925 
-1.21001 -0.481314 
-1.41999 -1.5519 
-1.80932 -2.21375 
-2.10452 -0.64915 
-2.0542 1.13804 
-1.67577 2.52812 
-1.10685 2.97815 
-0.551929 2.43832 
-0.327689 -0.225387 
-0.639764 -2.85029 
-1.29488 -3.52627 
-1.96509 -2.95824 
-2.40823 -1.35616 
-2.48283 0.625464 
-2.16865 2.44269 
-1.55861 3.46788 
-0.816385 3.73081 
-0.135208 2.98133 
0.332687 1.71454 
0.563732 0.629244 
0.592833 -0.332979 
0.262545 -3.01704 
-0.627783 -5.84243 
-1.98368 -7.30735 
-3.21614 -4.82531 
-3.9131 -2.24173 
-4.15079 -0.196115 
-3.99579 1.78715 
-3.40255 4.25057 
-2.30753 6.60938 
-0.880021 7.21979 
0.44867 5.98334 
1.44945 4.2857 
2.25779 4.04569 
3.14709 4.97064 
4.24138 5.7919 
5.33911 4.83634 
6.07586 2.40627 
6.28413 -0.328661 
5.94509 -3.04621 
5.0969 -5.25127 
3.96523 -5.71056 
2.91553 -4.69129 
2.19234 -2.67347 
1.79361 -1.43224 
1.58262 -0.745684 
1.47547 -0.360552 
1.43524 -0.0547553 
1.42944 -0.00508417 
1.43307 0.0425464 
1.4373 0.00105891 
1.43764 0.00243809 
1.43834 0.00479666 
1.43968 0.00908225 
1.44235 0.0184888 
1.44757 0.0353276 
1.45288 0.0194933 
1.45724 0.0255127 
1.46376 0.0418066 
1.46999 0.0225676 
1.47338 0.0124288 
1.4753 0.00730385 
1.4765 0.0051259 
1.47748 0.00501644 
1.47864 0.00693152 
1.48044 0.0116444 
1.48361 0.0210581 
1.48942 0.0389758 
1.50023 0.0726419 
1.51032 0.0314519 
1.51365 0.00298709 
1.51159 -0.0242689 
1.5033 -0.0613448 

