-1.5708 0 
-1.59631 -0.246699 
-1.66315 -0.399795 
-1.74602 -0.401829 
-1.81373 -0.25351 
-1.8411 -0.0114543 
-1.62022 2.14883 
-1.03617 3.50607 
-0.29257 3.78099 
0.448485 3.64851 
1.20756 4.12082 
1.92964 3.33162 
2.62148 3.75677 
3.47808 4.83746 
4.51363 5.26933 
5.46022 3.90469 
5.99995 1.4041 
6.00897 -1.31462 
5.4859 -3.83292 
4.54855 -5.25418 
3.51029 -4.87167 
2.70774 -3.16678 
2.2127 -1.88603 
1.91439 -1.18264 
1.77619 -0.242736 
1.68078 -0.741965 
1.56699 -0.43281 
1.49611 -0.298986 
1.47987 0.131319 
1.49947 0.071045 
1.50064 -0.0590254 

