1 -5 0 0 
0.988901 -4.99969 -0.0424783 -0.0765776 
0.955665 -4.99749 -0.0849566 -0.153155 
0.900472 -4.99152 -0.127435 -0.229733 
0.82362 -4.97993 -0.169913 -0.30631 
0.725529 -4.96087 -0.212392 -0.382888 
0.606733 -4.93252 -0.25487 -0.459466 
0.467883 -4.8931 -0.297348 -0.536043 
0.309745 -4.84086 -0.339827 -0.612621 
0.133194 -4.7741 -0.382305 -0.689199 
-0.0607861 -4.69119 -0.424783 -0.765776 
-0.257006 -4.60891 -0.368507 -0.701811 
-0.440059 -4.54399 -0.31223 -0.637846 
-0.60867 -4.49467 -0.255953 -0.573881 
-0.76172 -4.4591 -0.199677 -0.509916 
-0.906447 -4.43331 -0.152846 -0.504011 
-1.05052 -4.41455 -0.106016 -0.498105 
-1.19362 -4.4027 -0.0591861 -0.4922 
-1.33539 -4.39762 -0.012356 -0.486294 
-1.47554 -4.39916 0.0344742 -0.480389 
-1.60959 -4.40047 -0.0156412 -0.444197 
-1.73304 -4.39548 -0.0657566 -0.408005 
-1.84564 -4.38527 -0.115872 -0.371813 
-1.9472 -4.37091 -0.165987 -0.335621 
-2.0376 -4.35347 -0.216103 -0.299429 
-2.12186 -4.33266 -0.268247 -0.299164 
-2.20484 -4.30751 -0.32039 -0.298899 
-2.28632 -4.27809 -0.372534 -0.298634 
-2.36609 -4.24449 -0.424678 -0.298369 
-2.44393 -4.20682 -0.476822 -0.298103 
-2.51964 -4.16518 -0.528965 -0.297838 
-2.59301 -4.11969 -0.581109 -0.297573 
-2.66384 -4.07048 -0.633253 -0.297308 
-2.74075 -4.01838 -0.559301 -0.343533 
-2.83292 -3.96541 -0.485349 -0.389759 
-2.94083 -3.9136 -0.411397 -0.435984 
-3.06475 -3.86499 -0.337445 -0.482209 
-3.20472 -3.82171 -0.263494 -0.528435 
-3.36056 -3.78587 -0.189542 -0.57466 
-3.52033 -3.75219 -0.226333 -0.551448 
-3.67221 -3.71428 -0.263125 -0.528237 
-3.81614 -3.67268 -0.299917 -0.505026 
-3.95204 -3.62791 -0.336708 -0.481814 
-4.07989 -3.58053 -0.3735 -0.458603 
-4.19969 -3.53104 -0.410291 -0.435392 
-4.31147 -3.47997 -0.447083 -0.41218 
-4.41528 -3.42785 -0.483875 -0.388969 
-4.51121 -3.37519 -0.520666 -0.365758 
-4.59935 -3.32249 -0.557458 -0.342546 
-4.68141 -3.26739 -0.625346 -0.339241 
-4.75878 -3.20743 -0.693235 -0.335935 
-4.83119 -3.14301 -0.761124 -0.33263 
-4.89839 -3.0745 -0.829012 -0.329325 
-4.96017 -3.00232 -0.896901 -0.326019 
-5.01634 -2.92689 -0.96479 -0.322714 
-5.06674 -2.84862 -1.03268 -0.319408 
-5.11125 -2.76795 -1.10057 -0.316103 
-5.14978 -2.68532 -1.16846 -0.312797 
-5.18227 -2.60116 -1.23634 -0.309492 
-5.21123 -2.50692 -1.30704 -0.370618 
-5.23746 -2.39359 -1.37775 -0.431743 
-5.25841 -2.2612 -1.44845 -0.492869 
-5.27149 -2.11 -1.51915 -0.553995 
-5.27415 -1.94054 -1.58985 -0.615121 
-5.27216 -1.7744 -1.57535 -0.530742 
-5.27251 -1.63272 -1.56086 -0.446364 
-5.27449 -1.51553 -1.54637 -0.361985 
-5.2774 -1.42283 -1.53188 -0.277607 
-5.28052 -1.35463 -1.51739 -0.193228 
-5.28358 -1.29206 -1.5261 -0.238835 
-5.28663 -1.21625 -1.53482 -0.284441 
-5.28944 -1.12719 -1.54354 -0.330048 
-5.29178 -1.02489 -1.55225 -0.375654 
-5.29341 -0.90935 -1.56097 -0.421261 
-5.2941 -0.780574 -1.56968 -0.466867 
-5.29363 -0.63857 -1.5784 -0.512474 
-5.29267 -0.484426 -1.5757 -0.550613 
-5.29208 -0.319219 -1.573 -0.588752 
-5.29194 -0.142951 -1.5703 -0.626891 
-5.29228 0.0443769 -1.5676 -0.66503 
-5.29319 0.242764 -1.5649 -0.703168 
-5.29471 0.452207 -1.5622 -0.741307 
-5.2969 0.672705 -1.5595 -0.779446 
-5.30799 0.887067 -1.47726 -0.701309 
-5.33362 1.07735 -1.39502 -0.623171 
-5.36991 1.24275 -1.31277 -0.545034 
-5.41299 1.38297 -1.23053 -0.466896 
-5.45901 1.49815 -1.14829 -0.388759 
-5.50421 1.5889 -1.06604 -0.310621 
-5.54495 1.65627 -0.9838 -0.232484 
-5.57901 1.70358 -0.905738 -0.169629 
-5.60486 1.73419 -0.827676 -0.106775 
-5.62017 1.74977 -0.749614 -0.0439202 
-5.62284 1.75223 -0.671552 0.0189342 
-5.61099 1.74369 -0.59349 0.0817887 
-5.58302 1.72651 -0.515428 0.144643 
-5.5376 1.7032 -0.437367 0.207498 
-5.49385 1.68061 -0.522426 0.132245 
-5.46417 1.66471 -0.457665 0.0999811 
-5.44204 1.65464 -0.392905 0.0677168 
-5.42806 1.64931 -0.328145 0.0354525 
-5.42272 1.64763 -0.263385 0.00318813 
-5.42639 1.64844 -0.198625 -0.0290762 
-5.43932 1.65056 -0.133865 -0.0613405 
-5.46167 1.65279 -0.0691049 -0.0936049 
-5.49347 1.65391 -0.00434479 -0.125869 
-5.53463 1.6527 0.0604153 -0.158134 
-5.58493 1.64797 0.125175 -0.190398 
-5.63848 1.63898 0.207952 -0.184128 
-5.68933 1.62604 0.290728 -0.177859 
-5.73722 1.60954 0.373504 -0.171589 
-5.78192 1.58987 0.45628 -0.16532 
-5.82324 1.56743 0.539056 -0.159051 
-5.86105 1.54265 0.621832 -0.152781 
-5.89524 1.51595 0.704608 -0.146512 
-5.92578 1.48775 0.787384 -0.140242 
-5.95265 1.45846 0.87016 -0.133973 
-5.98338 1.41958 0.929387 -0.207843 
-6.02406 1.36142 0.988614 -0.281714 
-6.07247 1.28272 1.04784 -0.355585 
-6.12627 1.18242 1.10707 -0.429455 
-6.18107 1.07973 1.05302 -0.373421 
-6.23291 0.994032 0.998973 -0.317386 
-6.28015 0.924685 0.944925 -0.261351 
-6.32119 0.870897 0.890878 -0.205317 
-6.3511 0.833269 0.908995 -0.126185 
-6.36638 0.813334 0.927113 -0.0470532 
-6.3677 0.811606 0.945231 0.0320786 
-6.35571 0.828578 0.963348 0.11121 
-6.33111 0.864725 0.981466 0.190342 
-6.29459 0.920503 0.999583 0.269474 
-6.24685 0.99635 1.0177 0.348606 
-6.18861 1.09268 1.03582 0.427737 
-6.1234 1.19672 0.985747 0.419158 
-6.05448 1.29532 0.935676 0.410579 
-5.98224 1.38839 0.885605 0.402 
-5.90706 1.47584 0.835533 0.393421 
-5.82931 1.55761 0.785462 0.384842 
-5.74936 1.63367 0.735391 0.376263 
-5.6676 1.70402 0.68532 0.367684 
-5.58438 1.76865 0.635249 0.359105 
-5.50006 1.82762 0.585178 0.350526 
-5.40676 1.88841 0.570184 0.417516 
-5.30893 1.95348 0.604087 0.392803 
-5.2192 2.01766 0.63799 0.368089 
-5.13737 2.08048 0.671894 0.343375 
-5.0605 2.14336 0.699323 0.34156 
-4.98578 2.20798 0.726752 0.339746 
-4.91325 2.27427 0.754182 0.337931 
-4.84294 2.34215 0.781611 0.336116 
-4.77933 2.40773 0.820452 0.294008 
-4.72646 2.46664 0.859293 0.2519 
-4.67831 2.51927 0.799812 0.240128 
-4.62956 2.56657 0.74033 0.228356 
-4.58068 2.60865 0.680848 0.216584 
-4.53209 2.6457 0.621367 0.204812 
-4.48422 2.67788 0.561885 0.19304 
-4.43747 2.70543 0.502404 0.181268 
-4.3922 2.72859 0.442922 0.169496 
-4.34876 2.74766 0.38344 0.157724 
-4.29557 2.76728 0.327023 0.233344 
-4.2204 2.79033 0.270606 0.308964 
-4.12276 2.81436 0.214188 0.384584 
-4.00237 2.83691 0.157771 0.460203 
-3.85917 2.85546 0.101354 0.535823 
-3.69327 2.86752 0.0449366 0.611443 
-3.50504 2.87056 -0.0114808 0.687063 
-3.31841 2.87143 0.0215265 0.600139 
-3.15709 2.8775 0.0545338 0.513214 
-3.02121 2.8871 0.0875411 0.42629 
-2.91079 2.89856 0.120548 0.339366 
-2.80549 2.90917 0.0811737 0.390512 
-2.68506 2.91653 0.041799 0.441658 
-2.54961 2.91948 0.00242431 0.492804 
-2.39931 2.91684 -0.0369504 0.54395 
-2.25258 2.91 -0.0566805 0.469085 
-2.12768 2.90171 -0.0764106 0.394221 
-2.02459 2.89283 -0.0961408 0.319356 
-1.94329 2.88421 -0.115871 0.244491 
-1.88371 2.87672 -0.135601 0.169627 
-1.84197 2.87209 -0.0822136 0.120073 
-1.80779 2.87069 0.00107963 0.115934 
-1.7748 2.8721 0.0843729 0.111794 
-1.74325 2.87609 0.167666 0.107654 
-1.7133 2.88244 0.250959 0.103515 
-1.68514 2.89091 0.334253 0.0993752 
-1.65889 2.90126 0.417546 0.0952356 
-1.63468 2.91323 0.500839 0.091096 
-1.60442 2.92893 0.459758 0.144067 
-1.55963 2.94992 0.418677 0.197037 
-1.49986 2.975 0.377595 0.250008 
-1.42472 3.00297 0.336514 0.302978 
-1.3339 3.03261 0.295433 0.355949 
-1.22715 3.06266 0.254352 0.40892 
-1.10432 3.09186 0.21327 0.46189 
-0.965309 3.11894 0.172189 0.514861 
-0.810123 3.1426 0.131108 0.567831 
-0.63883 3.16156 0.0900264 0.620802 
-0.457045 3.1745 0.0522731 0.636134 
-0.270458 3.18072 0.0145198 0.651466 
-0.0793231 3.17988 -0.0232334 0.666797 
0.116086 3.17163 -0.0609867 0.682129 
0.303863 3.16154 -0.0461586 0.614769 
0.47225 3.15499 -0.0313304 0.547408 
0.621186 3.1514 -0.0165022 0.480047 
0.750626 3.1502 -0.00167406 0.412687 
0.860535 3.1508 0.0131541 0.345326 
0.950893 3.15264 0.0279823 0.277965 
1.02169 3.15512 0.0428105 0.210605 
1.09039 3.1566 0.00182369 0.263314 
1.17482 3.15718 0.01157 0.31898 
1.27538 3.15885 0.0213163 0.374645 
1.39206 3.16192 0.0310626 0.430311 
1.52483 3.1667 0.040809 0.485977 
1.67368 3.17352 0.0505553 0.541643 
1.84237 3.18842 0.123803 0.626508 
2.0338 3.21955 0.197051 0.711374 
2.24638 3.2703 0.270299 0.796239 
2.4693 3.32997 0.252818 0.795264 
2.69295 3.38567 0.235337 0.794288 
2.91727 3.43739 0.217856 0.793312 
3.14217 3.48512 0.200375 0.792336 
3.3676 3.52886 0.182894 0.79136 
3.59348 3.5686 0.165413 0.790385 
3.81974 3.60434 0.147932 0.789409 
4.04632 3.63608 0.130451 0.788433 
4.27313 3.66382 0.11297 0.787457 
4.50011 3.68757 0.0954892 0.786482 
4.71754 3.71425 0.149449 0.724466 
4.91551 3.74946 0.203408 0.66245 
5.09378 3.7912 0.257368 0.600435 
5.25483 3.83229 0.242127 0.545814 
5.40107 3.86725 0.226887 0.491194 
5.53237 3.89653 0.211646 0.436574 
5.64859 3.9206 0.196405 0.381954 
5.74961 3.93992 0.181165 0.327334 
5.8353 3.95496 0.165924 0.272713 
5.90557 3.9662 0.150684 0.218093 
5.96033 3.97411 0.135443 0.163473 
5.9995 3.97916 0.120202 0.108853 
6.02299 3.98184 0.104962 0.0542325 
6.03732 3.9838 0.169043 0.0455641 
6.04408 3.98514 0.243689 0.0019379 
6.03857 3.98346 0.318335 -0.0416883 
6.02133 3.97698 0.392982 -0.0853146 
5.99314 3.96395 0.467628 -0.128941 
5.97054 3.95193 0.517634 -0.047603 
5.96877 3.95098 0.56764 0.0337349 
5.98661 3.96311 0.617646 0.115073 
6.0227 3.99025 0.667652 0.196411 
6.07554 4.03423 0.717659 0.277748 
6.13381 4.08871 0.786302 0.272508 
6.18716 4.14596 0.854946 0.267268 
6.23551 4.20554 0.923589 0.262027 
6.27878 4.26706 0.992233 0.256787 
6.31695 4.3301 1.06088 0.251547 
6.35 4.39426 1.12952 0.246306 
6.37566 4.45376 1.20024 0.200665 
6.39269 4.50243 1.27096 0.155023 
6.40279 4.53941 1.34167 0.109381 
6.4077 4.56402 1.41239 0.0637398 
6.40923 4.57579 1.48311 0.0180982 
6.40924 4.57442 1.55383 -0.0275434 
6.40958 4.55982 1.62455 -0.073185 
6.41214 4.5321 1.69527 -0.118827 
6.41727 4.49648 1.73186 -0.12935 
6.42424 4.45808 1.76845 -0.139874 
6.43327 4.41697 1.80504 -0.150398 
6.44456 4.37326 1.84163 -0.160922 
6.45831 4.32708 1.87822 -0.171445 
6.47471 4.27853 1.91481 -0.181969 
6.49351 4.23095 1.98009 -0.170907 
6.514 4.1876 2.04537 -0.159846 
6.53572 4.14848 2.11066 -0.148784 
6.55821 4.11356 2.17594 -0.137723 
6.58102 4.08276 2.24122 -0.126661 
6.60371 4.05595 2.30651 -0.115599 
6.62588 4.03299 2.37179 -0.104538 
6.64712 4.01368 2.43707 -0.0934763 
6.66707 3.99779 2.50235 -0.0824148 
6.68207 3.98735 2.57178 -0.0437078 
6.68811 3.98369 2.64121 -0.00500093 
6.69556 3.97965 2.64622 -0.0533962 
6.71538 3.96901 2.65124 -0.101791 
6.74056 3.95612 2.68587 -0.0933086 
6.76394 3.94515 2.7205 -0.0848257 
6.78543 3.93596 2.75513 -0.0763429 
6.80493 3.92841 2.78976 -0.06786 

