-1.5708 0 
-1.53359 0.359839 
-1.43608 0.583275 
-1.31509 0.587562 
-1.21565 0.375681 
-1.17389 0.0291363 
-1.20469 -0.327713 
-1.29709 -0.567489 
-1.41765 -0.599338 
-1.55092 -0.689704 
-1.63983 -0.1701 
-1.6146 0.414033 
-1.48483 0.841063 
-1.29963 0.950937 
-1.12794 0.713104 
-1.03102 0.22811 
-1.12573 -1.14798 
-1.46321 -2.12064 
-1.92025 -2.30117 
-2.32855 -1.66854 
-2.55579 -0.556559 
-2.54279 0.684223 
-2.29258 1.76423 
-1.87179 2.32396 
-1.4195 2.05121 
-1.10307 1.01448 
-1.05555 -0.552984 
-1.3116 -1.93004 
-1.77965 -2.59737 
-2.28622 -2.32037 
-2.66236 -1.36577 
-2.81523 -0.143878 
-2.71858 1.09916 
-2.38815 2.14613 
-1.85872 3.00183 
-1.2603 2.78714 
-0.749029 2.1852 
-0.425417 0.993299 
-0.453746 -1.27283 
-0.918245 -3.27848 
-1.67808 -4.08308 
-2.4505 -3.42164 
-2.98933 -1.89731 
-3.19959 -0.203261 
-3.07067 1.49292 
-2.60711 3.09996 
-1.87355 4.05064 
-1.03281 4.08683 
-0.327368 2.82602 
0.0911306 1.34492 
0.16991 -0.553293 
-0.131819 -2.46775 
-0.805327 -4.17211 
-1.723 -4.7233 
-2.57955 -3.61278 
-3.11587 -1.70312 
-3.25704 0.288438 
-3.00007 2.2818 
-2.35599 4.06892 
-1.41546 5.04966 
-0.458196 4.27673 
0.244198 2.7265 
0.646337 1.35275 
0.805717 0.275887 
0.761812 -0.725116 
0.502874 -1.91484 
-0.0264838 -3.42175 
-0.859493 -4.79672 
-1.9033 -5.31354 
-2.79547 -3.4076 
-3.23152 -0.938281 
-3.17116 1.54356 
-2.61589 3.96912 
-1.63886 5.53767 
-0.534869 5.1912 
0.369178 3.82931 
0.982353 2.42831 
1.34588 1.31566 
1.54247 0.713601 
1.65032 0.39989 
1.71307 0.247804 
1.8188 0.843307 
2.07202 1.76561 
2.56513 3.28404 
3.42784 5.38884 
4.67596 6.78458 
5.91923 5.32375 
6.75145 3.01862 
7.15738 1.12446 
7.22305 -0.450681 
6.9678 -2.16304 
6.32462 -4.34669 
5.232 -6.41783 
3.89278 -6.55785 
2.71826 -5.13225 
1.79179 -4.36255 
0.942158 -4.39931 
-0.0463856 -5.62588 
-1.29619 -6.63013 
-2.54741 -5.51218 
-3.41958 -3.17197 
-3.83313 -1.02866 
-3.84707 0.886274 
-3.46453 3.00254 
-2.62656 5.35775 
-1.39274 6.62916 
-0.190115 5.13038 
0.628234 3.11541 
1.10001 1.7198 
1.35599 0.918493 
1.49119 0.47694 
1.55943 0.227646 
1.58832 0.0706006 

